0 22
0 20
0 28
0 46
1 4
1 6
1 48
1 14
2 5
2 29
2 11
2 3
3 44
3 20
3 37
3 42
4 23
4 18
4 6
4 48
5 28
5 17
5 47
5 39
6 22
6 48
6 28
6 21
7 34
7 37
7 10
7 49
8 19
8 43
8 26
8 23
9 47
9 15
9 46
9 11
10 37
10 41
10 8
10 19
11 32
11 2
11 20
11 49
12 20
12 10
12 0
12 21
13 27
13 24
13 37
13 20
14 19
14 46
14 47
14 42
15 11
15 29
15 44
15 17
16 1
16 49
16 47
16 27
17 4
17 10
17 35
17 47
18 12
18 22
18 10
18 33
19 39
19 45
19 6
19 22
20 48
20 8
20 12
20 10
21 14
21 18
21 35
21 42
22 25
22 28
22 11
22 29
23 34
23 39
23 22
23 38
24 33
24 48
24 20
24 31
25 1
25 30
25 0
25 9
26 49
26 13
26 2
26 3
27 19
27 32
27 12
27 33
28 3
28 19
28 5
28 15
29 22
29 34
29 15
29 5
30 16
30 43
30 7
30 4
31 18
31 7
31 49
31 1
32 10
32 4
32 23
32 6
33 37
33 5
33 35
33 29
34 1
34 28
34 2
34 42
35 34
35 29
35 18
35 12
36 5
36 22
36 37
36 2
37 44
37 6
37 35
37 45
38 42
38 13
38 8
38 32
39 30
39 23
39 1
39 13
40 19
40 37
40 14
40 30
41 44
41 34
41 14
41 43
42 33
42 17
42 49
42 20
43 12
43 2
43 23
43 44
44 35
44 46
44 2
44 40
45 37
45 32
45 34
45 36
46 47
46 17
46 43
46 37
47 46
47 11
47 0
47 40
48 27
48 22
48 35
48 42
49 30
49 32
49 27
49 3
